4.447757 -0.015055 -0.077356

4.613353 -0.068223 -0.198790

4.787168 -0.083429 -0.087265

4.960982 -0.098636 -0.087266

5.134795 -0.113842 -0.125318

5.237168 -0.133429 -0.125315

5.410977 -0.148635 -0.087263

5.584790 -0.163841 -0.087266

5.758603 -0.179048 -0.077256

5.886742 -0.187215 -0.077258

6.060546 -0.202422 -0.087271

6.234351 -0.217629 -0.087271

6.408156 -0.232835 -0.064707

6.536595 -0.237213 -0.064718

6.710350 -0.252420 -0.087318

6.884106 -0.267635 -0.087314

7.057876 -0.282841 -0.140675

7.187532 -0.310603 -0.091084

7.361890 -0.310609 -0.000012

7.536249 -0.310607 -0.024037

7.702828 -0.318805 -0.024034

7.877305 -0.318805 0.000000

8.051783 -0.318805 0.000000

8.226261 -0.318805 0.171833

8.339925 -0.268800 0.171769

8.514374 -0.268824 -0.000030

8.688827 -0.268810 0.000108

8.863269 -0.268786 0.013200

8.977294 -0.265002 0.013118

9.151744 -0.265002 0.000001

9.326195 -0.265002 0.000156

9.439563 -0.264957 0.000149

9.613890 -0.264959 0.000014

9.788218 -0.264952 -0.000148

9.962569 -0.265010 -0.000204

10.090034 -0.265014 0.000051

10.264483 -0.264995 0.000045

10.438925 -0.264998 -0.000008

10.613366 -0.264998 -0.011179

10.777006 -0.268777 -0.011180

10.951412 -0.268777 -0.000000

11.125818 -0.268777 0.011173

11.289476 -0.265000 0.011176

11.463785 -0.265000 -0.000036

11.638096 -0.265013 -0.000010

11.812407 -0.265003 0.000037

11.927259 -0.265002 -0.000049

12.101715 -0.265018 0.000008

12.276174 -0.264999 -0.000181

12.439093 -0.265079 -0.000292

12.613275 -0.265098 -0.000054

12.787452 -0.265097 0.000000

12.961629 -0.265097 -0.010916

13.127209 -0.268806 -0.010907

13.301666 -0.268806 -0.000000

13.476122 -0.268806 0.000003

13.589983 -0.268805 0.000020

13.764440 -0.268800 0.000013

13.938897 -0.268801 -0.000016

14.139891 -0.268806 -0.000078

14.314335 -0.268830 -0.000009

14.488778 -0.268810 0.000058

14.663214 -0.268810 0.224426

14.820740 -0.193032 0.267990

14.994553 -0.177825 0.098517

15.167605 -0.158749 0.110800

15.309708 -0.142763 0.097031

15.488384 -0.127526 0.095226

15.667722 -0.108567 0.297335

15.812891 -0.028091 0.364886

15.996600 0.017062 0.242574

16.167971 0.059773 0.276863

16.272617 0.095495 0.353724

16.412796 0.150175 0.440999

16.539202 0.221323 0.595844

16.647546 0.309348 0.567454

16.752919 0.357543 0.712040

16.832001 0.468548 1.042066

16.893061 0.597424 1.195124

16.936424 0.733309 1.109709

17.022159 0.857281 1.098712

17.068461 0.991906 1.295266

17.099529 1.130943 1.355661

17.129291 1.270282 1.371517

17.149341 1.377587 1.370468

17.179715 1.518614 1.358660

17.210089 1.659641 1.358664

17.240462 1.800668 1.353515

17.263769 1.902794 1.353309

17.293716 2.041657 1.358385

17.323665 2.180519 1.358385

17.353612 2.319381 1.358391

17.383558 2.458244 1.365546

17.408900 2.584961 1.364203

17.439467 2.725004 1.355901

17.470033 2.865046 1.355906

17.500598 3.005089 1.286904

17.551300 3.143574 1.326679

17.570398 3.285313 1.436868

17.589494 3.427052 1.471705

17.598666 3.569655 1.578076

17.587419 3.712110 1.736752

17.552384 3.845973 0.843391

